_r=0.3008334449206491     27
_r=0.49636444458746426    29